64823
41893
10636
22021
50276
21397
9288
35298
27252
13185
62169
19702
25290
73905
75817
25671
41091
34812
22054
2516
38314
20283
39585
27711
28528
2261
37763
19880
61231
71900
9004
67641
74431
29279
48554
42537
63625
77904
1773
16038
54895
46002
42759
4258
3741
12112
67654
24540
76857
22378
68142
26254
45162
69921
28520
18283
26123
10711
65307
37910
52732
58772
75241
64503
72265
30216
41639
23642
26025
58017
29253
19885
25148
38481
54868
78791
76134
38099
49166
62148
18020
70973
22609
79865
1469
62624
21518
37561
77281
697
68218
62160
59824
47542
77830
56427
29890
11538
43846
73328
30554
47572
24950
39981
22246
39638
993
61229
27275
49989
39717
69158
1445
10595
59444
8941
46995
55836
26337
36890
64377
4560
45136
3741
44904
36555
43494
35392
72761
13287
78664
206
55579
77632
13279
34722
73173
69994
49788
5292
76315
56891
46309
53634
28115
38679
70259
26543
67435
10779
21634
40144
52805
11554
34601
72024
59635
78912
38671
62276
76787
46230
76762
48422
5325
11717
79148
71247
5955
66971
2218
7673
26936
47405
66109
70713
43883
63862
64951
58211
14336
32079
49859
53007
41734
75097
12166
51509
3548
5309
52207
6906
17973
31288
20158
56374
22256
26022
30513
8684
69611
34663
34436
69692
63554
71308
28898
22254
54372
5692
62608
36008
49042
68538
74913
33638
60379
50068
71829
12915
30337
38430
11370
31603
61321
48621
39530
61408
3841
8067
65969
8076
61000
42034
51083
20436
21994
75319
48844
67648
67847
52451
22830
56986
39087
37213
79575
30632
69249
32240
33947
56261
66673
4842
6050
19542
59403
15296
12388
499
57631
59915
76885
42697
57954
70135
62312
42948
21522
70253
71987
55198
173
55520
77419
17203
79394
67193
67249
43417
66615
48031
49328
7910
75131
40146
12365
62292
2752
51034
40365
57384
31272
24511
17531
51957
42237
56462
22853
37977
59426
73237
46366
67659
67631
57298
73958
65872
61474
79482
77458
22228
9907
21187
6284
38483
4273
22379
59445
29723
21518
69399
37430
11619
27354
61408
16776
44920
20672
17168
63050
4127
3097
35059
51689
71380
40172
57607
23820
73551
50122
67351
63688
35450
17328
71526
46636
45758
183
33027
46391
10945
57253
73945
62256
52739
67940
75850
16568
52911
22627
57624
63499
811
14702
19784
70560
16107
79466
1405
57923
17876
25132
65264
33947
62892
67438
73812
41334
19551
20200
36423
77894
62658
62108
72938
74806
38842
52082
3315
21553
6269
24003
72261
11136
27405
65735
3198
41220
45593
44776
1731
28839
62846
20525
40918
41852
15392
36631
19656
14090
18005
20358
16225
59330
47866
47655
46608
21845
17460
5279
41618
17258
43495
78650
53607
4190
44053
30839
37039
35227
67170
53899
4882
57612
8914
40296
59852
79863
28548
36371
10124
46501
68401
34238
27818
57120
78358
27184
66928
41931
40530
76325
60124
821
8010
47622
26954
28948
22579
59118
52731
79015
6778
48602
19849
50179
56925
12818
45460
39187
68183
17093
78803
73450
34113
49530
75729
30793
58958
12887
55110
20294
41648
33907
5407
29353
5291
12152
15555
19928
27889
11070
31527
65535
28172
39875
44532
79942
56143
62328
53860
71404
33656
10324
71429
44821
71261
19088
66489
9895
56128
16812
59122
48652
4520
37223
62735
26911
39731
61562
18491
62312
40231
41929
2713
56
27656
52689
55550
42623
65806
60409
29027
56495
47528
50140
73587
72626
35370
44379
52962
12723
60484
1750
2660
40176
27721
2175
3854
24987
36378
70415
70895
28125
36541
54936
59530
56426
23008
3961
35761
58806
32420
79803
21657
75156
70838
1044
27944
71089
64321
4133
35509
40054
10551
77478
23356
27191
17106
2359
61605
7151
69720
6443
3400
72276
76299
74675
8831
43652
75625
62971
58979
28476
17199
17031
51082
39914
43960
65022
66850
76206
59808
23801
63160
40923
11972
63014
50066
5126
38089
36518
42444
21706
70205
51479
31825
28405
489
76952
66898
34497
65946
28594
48792
13890
74149
4868
28167
45243
30536
39159
44089
16356
54902
11165
63575
34551
33867
69735
54153
42813
29988
15772
27704
39485
52634
54806
41787
23570
23081
63445
31577
40490
74123
10249
19604
27711
70888
61989
23742
5832
23704
78575
47969
241
17145
4483
974
70219
71041
60016
26809
19628
33728
11981
38222
14214
72723
74274
6277
5030
32153
4271
34328
9458
59504
44021
77499
54540
76217
22571
32503
10254
788
79959
1413
8067
23876
58264
33467
75274
30141
55364
78933
8874
63873
72665
11526
44487
63621
27568
9001
41773
11484
71327
677
5563
74503
55300
12526
46173
47330
7412
38763
66104
67983
60822
60066
32904
67808
26461
3168
61736
693
48225
63515
66917
18441
33554
73182
9662
63607
76861
47389
72698
14331
36848
48434
15184
463
73184
45733
65670
18988
39946
15934
37881
37158
15943
29794
57649
44514
53664
72733
37058
61729
62890
60158
57064
65782
69201
64522
48162
47365
7353
78591
23629
32732
32322
29266
19976
10777
46509
44112
39849
58035
70677
31391
33175
25912
72273
9758
73679
1876
67144
72312
70163
46041
25318
57570
57112
14481
28885
40891
43942
27548
60657
55683
1512
72872
4636
12894
66631
67935
34495
12251
28607
27137
29441
5625
30390
31397
44565
70950
34782
14702
72306
24738
28681
68576
69916
76456
1672
27863
79299
79773
22829
44498
72016
75202
32879
28057
28521
11266
2314
52615
67450
32533
70311
57307
58357
49259
69399
36943
75110
3941
15304
43209
71801
48013
16645
51471
16080
24267
58353
66583
27586
76327
63870
37322
1930
22025
39556
12827
46246
47209
42616
57600
18348
49123
40439
7675
30637
38260
28552
33076
23553
74518
76751
15222
29615
67323
31765
26580
70362
11206
40271
55605
57538
39220
23383
65481
62039
38984
10425
16023
5592
68221
32272
27787
26873
21399
65641
34494
72658
52893
32754
77588
62471
53824
41887
76332
33479
63384
19655
38186
58093
14772
60658
2235
27031
15187
41019
66712
58062
70020
37370
29315
5534
71192
780
75115
46661
4341
67913
2602
27185
48696
63810
59607
68006
40821
64634
40984
58149
29421
4565
10113
2917
3143
22995
3266
31096
41486
49049
78475
45186
45684
13852
55636
48861
38038
64736
37855
32115
24184
27376
54380
28082
72753
62254
46914
43699
9408
53356
31882
49343
62854
47555
69534
20844
33802
15943
37037
15803
21606
52700
12706
44408
52023
51939
65921
53428
31928
57436
37142
56726
9591
63017
7016
39157
49946
22735
23397
43097
42658
4430
64977
53518
4702
58714
16274
33736
65254
39323
66960
27187
3723
12469
45212
44459
62469
21535
35329
78482
37628
1630
51968
58225
33568
63594
28629
55521
42522
21756
78074
75535
56869
57900
69759
18848
41615
75304
29267
55201
31196
28945
20923
19802
52047
60893
65685
60083
11033
12398
35232
36068
31032
1543
10503
29976
9227
12246
60362
22728
72620
43527
4607
6494
52914
78205
79286
58478
38429
45162
36161
24289
59000
44990
45653
54550
40594
52201
62156
31652
18978
62451
47364
15381
63444
54473
9153
26275
43735
11225
39176
55493
60223
66700
29178
19987
53739
851
35852
76868
50044
48115
48798
65144
28244
9010
4522
19676
45545
21066
74241
78789
3647
70535
24371
46813
71743
3402
46863
28803
34810
27743
37426
40981
45904
9065
54814
37353
67101
18314
57298
8116
69712
34381
68231
20149
36016
63792
73590
16116
13290
52282
22268
11445
46859
13414
4317
3562
45955
69604
77064
62063
17245
23053
18056
48804
27761
69001
34995
79774
45060
29964
18377
28906
36370
35043
5180
20101
5684
36520
44577
23813
27676
57921
70443
19526
66774
33338
39083
38192
35403
27894
43317
73582
15696
73329
18118
55118
74884
6578
8654
69568
65338
31524
29610
41388
64173
19753
42879
54650
31103
4684
39172
30722
38884
34178
65432
28
51146
58736
57449
63735
62995
26486
52325
77820
49255
11280
74478
75345
69438
19173
32368
34170
69887
36919
67862
5632
39371
55076
63150
63990
14877
33892
72553
58611
25310
67651
15257
68401
68172
13821
14802
6260
54830
24398
5209
53520
64499
57529
27058
37450
57516
60580
47073
20893
22721
57561
78506
63189
29850
66314
71702
78616
42623
39757
3333
27605
17318
1287
33925
6978
20287
67739
63804
38939
45166
61585
44693
3614
13853
52556
30257
73133
60372
19605
16222
38356
44603
46395
7299
36266
221
64465
10675
16831
36263
58560
26286
59447
77142
75961
15712
57712
69859
6306
65902
60441
1948
59631
26396
42926
19143
24247
13027
38332
51894
79767
1875
24695
78266
46643
45946
68285
54703
16337
6207
16918
69700
51636
31374
31499
70604
77965
14830
20849
64413
17369
1260
41605
74839
44752
28552
29218
9090
13530
3024
37517
36779
32895
1345
19682
18623
52263
14573
37756
26982
48435
37332
7291
46884
69834
25117
69100
44362
74823
55675
28531
3699
46061
17132
22646
3351
78653
11425
26106
35631
52055
2508
20174
9717
78826
67522
61737
23269
76286
43367
52264
54191
16419
11323
17462
76106
79634
40453
9704
49867
38533
27214
62181
42744
73542
5635
53563
52742
43759
24189
39763
49623
69863
27681
7955
37497
56541
18452
36804
23911
38660
60100
14222
40562
30408
27330
47954
39129
51676
33638
9219
35507
65015
64341
31027
8453
69141
35153
61351
69859
31342
75570
36153
77719
47621
78623
78871
68246
48943
29310
74069
19334
30539
55180
43016
40927
4612
71950
64191
69028
77160
9408
30444
65448
38553
21935
51869
32940
29409
8053
12829
72380
57957
16501
61336
3128
31245
70489
68681
75605
27181
74174
5261
24335
70321
4663
49193
68402
45962
18798
21721
1726
57468
27783
27823
26232
41791
22207
30714
55406
4667
78541
7997
52708
13748
14035
16327
24801
17403
29451
51863
11641
20319
34163
34372
73246
12188
31303
17120
41418
30555
61800
49411
42581
71103
12451
20099
66056
53689
21058
50853
67470
43320
40251
16243
42937
9177
18645
61674
21575
9026
17298
67150
18223
53972
33468
44878
34387
19547
59257
74603
59971
58379
52826
61541
49870
42380
45220
42729
20280
61171
23975
78683
22190
19478
26446
16752
13220
1744
3997
26052
11303
10007
64850
55191
834
35863
18022
3719
3419
38550
42831
27480
35779
73930
67752
900
35367
40819
31367
8175
50226
36837
38625
32585
33621
78455
39200
72951
25015
15148
66470
12973
54895
43092
47611
31155
58739
63261
32240
73220
24853
18415
54636
56109
6655
5082
2858
2894
58986
21015
54767
56101
18871
74073
75056
60832
58533
33415
68558
53168
23260
71215
67501
68038
8457
63040
29573
50581
15355
43009
65377
72369
74412
54883
40130
35970
21514
71368
50407
71702
69313
41700
71654
70719
11894
79057
25031
68749
69668
879
3566
30312
24041
12000
77791
66646
43953
9137
20494
45507
10853
10272
30934
35251
8362
63804
12517
18826
5891
74755
7404
57299
6185
66614
20266
10640
57699
64571
34184
61519
74907
69623
17504
54225
75776
62728
57222
24269
21120
72673
79600
25201
39678
22362
56522
12471
71418
66774
43801
62009
77484
13609
39670
1327
5439
76037
62870
43742
4934
1795
18473
32635
69747
24181
45531
26944
32625
10412
2011
13384
10775
41553
66185
62908
41803
75351
48503
19551
70789
10848
643
79325
26624
28702
29355
23281
67182
71052
47822
79334
50856
19911
12447
12235
71370
13304
4843
61246
16520
45661
26114
31410
36655
6482
26843
27644
69327
78109
73899
65217
15864
44390
65730
64850
52130
44005
78647
2810
63711
5144
20993
64024
70901
74229
76554
27287
78813
6063
57636
22229
76258
78598
64254
31966
8398
38200
70333
30408
77248
54383
3196
2727
22415
20250
66948
62417
8591
22873
58366
33474
37757
41391
63922
47281
37877
51450
24616
2761
74723
36778
69912
10626
15125
29997
54460
46745
74793
57746
13094
11761
23805
41472
11932
55562
17068
64980
74442
74316
26376
38250
8835
69158
32663
38236
13190
48282
4785
35523
7372
60512
68786
984
44653
19205
43839
49342
67889
54079
37484
53256
43175
22986
45642
60603
31785
55075
64935
61880
40143
48200
73009
5736
65589
37346
34751
1942
70062
58135
30353
35569
50313
9958
70076
20982
28857
57158
46135
31683
62719
79517
62941
50159
31409
40841
20758
36929
12835
77570
79486
7986
70627
16352
43477
6614
14912
6259
4703
68767
54249
64942
33417
56188
11475
17334
11195
74644
69145
31612
16684
65415
43559
32509
77386
6457
6294
34510
17209
55320
48118
18422
26247
76059
46558
69963
14021
36584
830
60184
75325
70801
43301
77911
71044
23059
72910
3091
67214
37820
30965
74876
18211
13566
9507
58779
8291
38975
16139
76745
72591
60839
51816
5767
48766
67517
25370
66510
48666
13757
39657
39514
42176
27274
77406
19492
45576
32367
21626
45262
53408
59581
49329
62865
17386
70443
40618
70932
43338
48317
14115
2919
47152
42286
53328
5138
50482
52174
40395
24253
38155
9607
42512
13187
26092
54197
50308
59053
67639
78812
46464
12701
15724
22208
8130
58367
8697
58419
51324
62428
29511
7983
39574
894
26077
9389
76388
31529
56312
7125
3186
63069
20145
49321
7114
56830
33151
59804
63569
61815
56833
59073
47611
70804
19733
44610
60933
3223
71082
55166
39766
3959
226
15175
62386
43855
47289
5400
23866
51359
9181
56411
55316
64590
40115
76457
12093
53330
43060
50924
41040
43921
12405
61096
60792
43107
68511
8019
70181
38683
7682
20733
79466
73219
58806
7882
12822
26059
43401
56407
62270
52867
44460
62715
50169
54604
34037
11937
56341
16030
67900
9788
67405
18155
69018
16244
78981
36729
54382
41140
17342
46826
19855
65881
25278
31370
22879
12335
35484
42339
5416
25446
24004
69136
35684
24662
24694
62372
8703
16423
7252
46488
73327
75434
24416
78825
61817
8002
71706
6621
30126
8593
34541
72382
13798
28006
31606
1604
14192
75219
3828
15706
44522
68522
9971
13679
43512
5265
72664
33765
54199
62953
40280
30583
56686
40644
36519
779
72709
56509
79966
63591
19042
39285
21048
37272
77579
27850
45705
60320
29867
73375
79963
28242
6528
59159
28210
25297
78870
19588
3965
10061
16218
73812
48783
74055
5793
59507
13905
26094
22746
38309
69872
54146
34906
50305
43350
607
37154
52090
12576
56040
64229
6498
14767
7406
4715
22128
78446
47341
17382
55572
63983
24163
8696
316
62486
69108
15861
65634
76069
12018
78923
21233
46789
64444
60032
69108
60246
42992
52131
73643
43538
46777
39014
25708
72744
992
74380
72717
61684
187
45593
79133
3139
30593
74999
75108
19974
71280
34974
14992
72536
39378
3205
63197
19401
25514
78004
37212
68390
77471
63504
13254
24452
68147
50815
47041
23855
29709
46799
12716
70109
28966
22421
17607
43222
66090
72241
5342
19953
6591
34330
73520
1372
23613
67843
28124
14520
13333
39769
49190
64416
68605
63162
73994
70128
78058
16401
169
10673
22103
31023
21489
61446
7716
23709
51672
31805
4114
9890
18363
67208
52724
72654
57131
43966
31596
20793
3667
40574
58834
14310
41989
14695
29936
55529
45498
73137
15256
21850
45415
73838
43123
77667
69958
18185
79417
43620
78913
35556
1806
31482
11886
66214
60189
63692
78614
45043
20704
13934
41957
70102
58076
30662
38659
65221
27427
20163
42467
66889
42456
25614
16453
29366
47230
73301
10426
62867
19173
46434
47374
58840
60236
78141
27176
12437
72240
6302
62315
25950
52734
8352
17717
34401
35800
16403
64423
19620
41904
68385
31724
39284
2999
18276
15892
62622
68047
23177
34276
45030
61271
58159
72803
44
76261
67410
65116
14698
39055
31446
69801
44884
36936
41551
69884
28462
18772
52978
11290
15568
73601
15263
37774
54684
74044
64004
26194
39067
43753
73774
636
20690
38147
33190
51940
28187
52832
69864
31429
9622
30775
22106
58916
6436
61191
45927
3486
21664
42236
57189
41996
196
48629
78205
2566
42583
65479
73000
5928
29291
33504
26277
31527
38599
33927
23883
14225
67279
8468
21365
45670
40791
66540
38535
64051
17209
11036
54636
33272
51403
24756
6635
75910
52166
60423
61274
71658
65403
4088
58114
48055
1197
40947
67653
26307
55364
65450
6152
24244
12404
55747
54692
66688
75695
28545
76231
70044
32840
11491
20086
59974
818
39946
52559
60770
70127
36020
9771
4021
13175
39045
66035
59911
67882
41387
33477
3713
43856
25219
65101
79111
45879
2546
79767
35740
16289
31145
4545
68557
79694
58722
388
42251
59365
39478
13669
46399
69693
58050
37409
47714
21568
21357
73982
743
38023
70879
20593
77205
64417
13539
34171
43829
21610
11759
2230
17419
73040
21589
51704
46721
38800
56743
67585
71097
14192
43519
30435
29679
1812
56845
13731
23800
28621
72932
3656
78902
21536
58350
3787
36807
22366
14177
56334
2652
42973
78214
18976
61832
73642
16057
25878
9201
9234
77769
47455
42218
26958
46829
3701
12036
65916
54535
16084
12146
10290
68354
40255
75436
36775
75331
52982
5857
68418
36647
950
27360
31193
79881
23025
6655
61694
48562
3735
39215
76417
7844
32132
66814
35395
32348
5476
36202
5033
31589
69269
77995
17094
39919
7337
41309
77956
9885
22066
32506
74532
79455
51288
21453
56097
487
27711
41133
16689
35867
46073
7574
72259
68401
48927
16857
68191
12246
37698
29451
54508
7764
68812
21485
50942
35202
29769
4698
73263
77845
41414
59130
36506
53227
15498
69163
5222
74123
71296
60976
45784
37064
21881
14540
19488
70553
4838
33910
57880
77770
15628
4277
40759
56954
11148
71801
8419
44488
2870
37081
39020
37703
56399
26886
27105
11267
1797
79321
24161
72495
19459
47982
40879
43007
39316
29054
73244
34928
24800
580
77053
72143
56443
40936
30857
69461
37799
16075
44831
56031
48686
24801
63131
53315
30469
21276
22949
40372
71754
19949
48985
66699
8405
69166
381
51978
24099
3834
68633
50081
15187
63941
78174
66121
5753
65197
11741
10516
17323
34813
8157
15531
22997
70346
48705
42922
18145
4241
26605
59403
60691
70092
8776
34085
20361
38068
9204
22789
22340
41997
40433
17026
15576
75411
64494
59577
12063
39076
26769
56713
27642
43135
42107
7008
30940
42606
46437
34246
57497
60702
9378
68527
13370
16063
29152
54020
36904
72868
45415
22121
47785
72868
16077
67358
18341
76831
51831
16593
6934
39034
41279
62991
48281
18746
55734
29633
23957
16101
4349
36980
38290
68922
37749
45820
32600
39408
40040
31990
32167
2289
39545
31353
49129
70592
54336
19206
55503
14813
75643
61688
31789
50329
15486
60896
16070
24210
20538
55676
60381
46140
11607
35784
68182
34481
34633
11000
32189
78440
59219
58808
15532
4097
24146
6234
13813
12137
24598
32048
68316
28469
8898
19220
45967
18730
76194
4195
37217
58222
10301
3301
48553
52144
3822
58086
31609
72368
43712
69982
65147
17674
79039
38244
64547
45261
73551
39087
40454
79835
74470
36830
8123
69673
31571
74147
52946
70002
36583
63218
54782
49717
55101
55838
39327
70837
35977
72710
48018
32739
6373
7172
2978
12484
65544
54026
21026
55087
7917
1400
68046
45970
27893
25957
68523
57201
29048
54010
11305
25231
62103
76566
29262
79962
26971
13655
2481
23879
10547
18397
52495
11804
76687
53837
16382
22413
74440
16517
15814
53078
51325
12596
39854
55400
19375
34311
47009
39128
65014
69646
5564
71911
33483
77571
26180
56325
75031
10703
77894
65618
79578
25458
9325
41131
36391
47605
34257
50197
17138
55348
45721
9729
28241
24299
65900
21958
54162
68448
78892
59970
7796
61878
43620
39373
17903
21447
67488
13614
36551
60743
32544
14806
58275
46174
54013
30116
77579
14939
66259
50902
22315
10335
46998
41825
46927
18327
49574
41707
71964
63373
48206
44534
52391
76020
18917
50058
9588
76847
69981
56568
56683
8142
19679
78716
12964
3994
33821
49214
68008
19537
3197
14540
6705
28607
44121
37473
22703
69304
73888
73629
29696
39665
50348
16426
78688
23512
27410
35299
46504
86
2600
34997
42262
10432
14587
4640
50413
6615
70876
46156
45752
65578
19814
31171
11516
3587
48685
21201
46759
27772
1943
54330
74166
23540
34150
5658
38819
20107
15956
22733
42703
3503
72036
46920
20461
55779
48044
68336
3558
60458
71661
20830
19816
51156
78365
25250
23055
28539
32404
43691
57976
39519
65703
17185
79696
11222
59084
21021
78537
39998
14081
67336
46605
77150
13375
12808
4868
77924
32472
13538
22303
61087
40839
26628
4065
53872
78386
79706
56848
3896
27130
34042
46878
33899
39707
42405
35053
48249
12767
35728
24515
41193
69357
38906
10405
55400
52969
27469
15699
64063
28280
11357
5048
71792
44700
45656
6889
65606
72596
55054
15951
71312
64796
38839
78430
66870
67503
25230
22196
12288
72290
40154
20206
48562
10420
11679
52097
12915
59176
25532
35076
26440
13928
15123
54797
26746
24961
17423
70957
64253
1022
8903
33274
36858
71163
32443
24719
53293
67217
51288
67365
20507
48136
14000
79105
48020
60974
27873
60261
3570
14109
54399
56564
52266
80000
78727
74180
69599
67608
7488
20271
20879
15010
28666
59400
25689
21739
42263
